100,7
100,6
100,5
100,4
100,3
100,2
100,1
100,0
99,3
99,2
99,1
99,0
98,3
98,2
98,1
98,0
97,3
97,2
97,1
97,0
96,4
96,3
96,2
96,1
96,0
92,4
92,3
92,2
92,1
92,0
58,4
58,3
58,2
58,1
58,0
49,6
49,5
49,4
49,3
49,2
49,1
49,0
48,3
48,2
48,1
48,0
47,3
47,2
47,1
47,0
46,3
46,2
46,1
46,0
21,3
21,2
21,1
21,0
9,15
9,14
9,13
9,12
9,11
9,10
9,9
9,8
9,7
9,6
9,5
9,4
9,3
9,2
9,1
9,0
4,3
4,2
4,1
4,0
3,6
3,5
3,4
3,3
3,2
3,1
3,0
2,5
2,4
2,3
2,2
2,1
2,0
1,3
1,2
1,1
1,0
0,431
0,408
0,322
0,243
111,1
111,6
111,3
0,441
0,440
111,0
0,9
0,310
0,305
0,308
0,304
0,303
0,302
0,307
0,12
0,420
0,10
0,8
0,0
0,418
0,300
0,432
0,299
0,417
0,298
0,416
0,297
0,415
0,296
0,414
0,295
0,430
0,294
0,413
0,293
0,412
0,292
0,411
0,291
0,410
0,290
0,409
0,289
0,407
0,288
0,406
0,287
0,405
0,286
0,404
0,285
0,439
0,284
0,403
0,283
0,402
0,282
0,401
0,281
0,400
0,280
0,399
0,279
0,398
0,278
0,421
0,277
0,397
0,276
0,396
0,275
0,395
0,274
0,394
100,8
100,9
100,11
100,12
100,14
100,15
100,17
100,19
100,20
100,22
100,23
101,1
101,3
102,0
102,2
102,3
103,1
103,2
104,0
104,2
104,3
105,1
105,2
106,0
106,2
106,3
106,5
107,0
107,2
107,3
108,1
108,3
109,0
109,2
109,3
110,1
110,3
111,2
111,5
112,0
112,2
112,3
113,1
113,3
114,0
114,2
114,3
115,1
115,3
116,0
116,2
116,3
117,1
117,3
118,0
118,2
118,3
119,1
119,2
120,0
120,2
120,3
121,1
121,2
122,0
122,2
122,3
123,1
123,2
124,0
124,1
124,3
125,1
125,2
126,0
126,1
126,3
127,1
127,2
128,0
128,1
128,3
129,0
129,2
130,0
130,1
130,3
131,0
131,2
132,0
132,1
132,3
133,0
133,2
133,3
133,1
132,2
131,3
131,1
130,2
129,3
129,1
128,2
127,3
127,0
126,2
125,3
125,0
124,2
123,3
123,0
122,1
121,3
121,0
120,1
119,3
119,0
118,1
117,2
117,0
116,1
115,2
115,0
114,1
113,2
113,0
112,1
111,4
110,2
110,0
109,1
108,2
108,0
107,1
106,4
106,1
105,3
105,0
104,1
103,3
103,0
102,1
101,2
101,0
100,21
100,18
100,16
100,13
100,10
0,273
0,393
0,272
0,392
0,271
0,438
0,270
0,391
0,269
0,390
0,268
0,389
0,267
0,388
0,266
0,387
0,265
0,386
0,264
0,437
0,263
0,385
0,262
0,384
0,261
0,344
0,260
0,343
0,259
0,436
0,258
0,342
0,257
0,341
0,256
0,338
0,255
0,383
0,254
0,382
0,253
0,381
0,252
0,435
0,251
0,380
0,250
0,379
0,249
0,378
0,248
0,377
0,247
0,376
0,246
0,375
0,245
0,434
0,244
0,374
0,242
0,373
0,241
0,372
0,240
0,371
0,239
0,429
0,238
0,370
0,237
0,369
0,236
0,368
0,235
0,367
0,234
0,366
0,233
0,365
0,232
0,428
0,231
0,364
0,230
0,363
0,229
0,362
0,228
0,361
0,227
0,360
0,226
0,359
0,225
0,358
0,224
0,427
0,223
0,357
0,222
0,356
0,221
0,355
0,220
0,354
0,219
0,426
0,218
0,353
0,217
0,352
0,216
0,351
0,215
0,350
0,214
0,349
0,213
0,348
0,212
0,425
0,211
0,347
0,210
0,346
0,209
0,345
0,208
0,340
0,207
0,339
0,206
0,433
0,205
0,424
0,204
0,337
0,203
0,336
0,202
0,335
0,201
0,334
0,200
0,423
0,199
0,333
0,198
0,332
0,197
0,331
0,196
0,330
0,195
0,329
0,194
0,328
0,193
0,422
0,192
0,327
0,63
0,326
0,62
0,325
0,61
0,324
0,60
0,419
0,59
0,323
0,58
0,321
0,57
0,320
0,56
0,319
0,55
0,318
0,54
0,317
0,53
0,316
0,52
0,315
0,51
0,314
0,50
0,313
0,49
0,312
0,48
0,311
0,47
0,309
0,46
0,306
0,45
0,301
0,6
0,5
0,1
0,11
0,4
0,2
0,3
0,7
